
n=4: 
there are only 4 "trees" each of size 3 
the avarage cycle size is 4 (full deg)


n=5
there are 60 bases with average cycle 5
Base: [(0, 1, 2), (0, 1, 3), (0, 1, 4), (0, 2, 3), (1, 2, 4), (2, 3, 4)] 


n=6
there is one pass (under S_n symetric)
in it the average cycle while adding one face is 11 - evet new face depands on all the others
the path is the triangulus of PR^2 whith 6 vertices


17 unique average cycle sizes found during search.
prints best bases 6 bases, with average cycle size 11.0
Base: [(0, 1, 2), (0, 1, 3), (0, 2, 4), (0, 3, 5), (0, 4, 5), (1, 2, 5), (1, 3, 4), (1, 4, 5), (2, 3, 4), (2, 3, 5)] 

Base: [(0, 1, 2), (0, 1, 3), (0, 2, 5), (0, 3, 4), (0, 4, 5), (1, 2, 4), (1, 3, 5), (1, 4, 5), (2, 3, 4), (2, 3, 5)] 

Base: [(0, 1, 2), (0, 1, 4), (0, 2, 3), (0, 3, 5), (0, 4, 5), (1, 2, 5), (1, 3, 4), (1, 3, 5), (2, 3, 4), (2, 4, 5)] 

Base: [(0, 1, 2), (0, 1, 4), (0, 2, 5), (0, 3, 4), (0, 3, 5), (1, 2, 3), (1, 3, 5), (1, 4, 5), (2, 3, 4), (2, 4, 5)] 

Base: [(0, 1, 2), (0, 1, 5), (0, 2, 3), (0, 3, 4), (0, 4, 5), (1, 2, 4), (1, 3, 4), (1, 3, 5), (2, 3, 5), (2, 4, 5)] 

Base: [(0, 1, 2), (0, 1, 5), (0, 2, 4), (0, 3, 4), (0, 3, 5), (1, 2, 3), (1, 3, 4), (1, 4, 5), (2, 3, 5), (2, 4, 5)] 



n=7


───────────────────────────────────────────────────────
Walk time       : 71.42s  (42,002 steps/s)
Max score       : 243
Max avg cycle   : 13.150000
Best bases found: 8
───────────────────────────────────────────────────────
  Basis (faces): [(0, 1, 3), (0, 1, 4), (0, 2, 5), (0, 2, 6), (0, 3, 5), (0, 4, 5), (0, 4, 6), (1, 2, 4), (1, 2, 5), (1, 2, 6), (1, 3, 6), (2, 3, 4), (2, 3, 5), (3, 4, 6), (3, 5, 6)]
  Basis (faces): [(0, 1, 2), (0, 1, 4), (0, 1, 6), (0, 2, 5), (0, 3, 4), (0, 3, 6), (0, 4, 5), (1, 2, 3), (1, 2, 6), (1, 5, 6), (2, 3, 4), (2, 3, 5), (2, 4, 6), (3, 5, 6), (4, 5, 6)]
  Basis (faces): [(0, 1, 2), (0, 1, 6), (0, 2, 3), (0, 2, 5), (0, 3, 4), (0, 4, 5), (0, 5, 6), (1, 2, 4), (1, 3, 4), (1, 3, 6), (1, 4, 5), (2, 3, 6), (2, 4, 6), (3, 5, 6), (4, 5, 6)]
  Basis (faces): [(0, 1, 4), (0, 1, 6), (0, 2, 3), (0, 2, 5), (0, 3, 4), (0, 4, 5), (0, 5, 6), (1, 2, 4), (1, 2, 5), (1, 2, 6), (1, 3, 4), (1, 3, 5), (2, 3, 6), (3, 4, 6), (3, 5, 6)]
  Basis (faces): [(0, 1, 2), (0, 1, 3), (0, 1, 6), (0, 2, 4), (0, 2, 5), (0, 3, 5), (0, 4, 6), (1, 3, 4), (1, 3, 6), (1, 5, 6), (2, 3, 4), (2, 3, 6), (2, 5, 6), (3, 4, 5), (4, 5, 6)]
  Basis (faces): [(0, 1, 2), (0, 1, 6), (0, 2, 3), (0, 3, 4), (0, 3, 5), (0, 5, 6), (1, 2, 4), (1, 2, 5), (1, 3, 4), (1, 3, 5), (1, 4, 6), (2, 3, 6), (2, 5, 6), (3, 4, 6), (4, 5, 6)]
  Basis (faces): [(0, 1, 3), (0, 1, 5), (0, 2, 5), (0, 2, 6), (0, 3, 6), (0, 4, 5), (1, 2, 3), (1, 2, 6), (1, 3, 4), (1, 5, 6), (2, 3, 5), (2, 4, 6), (3, 4, 5), (3, 4, 6), (4, 5, 6)]
  Basis (faces): [(0, 1, 3), (0, 1, 6), (0, 2, 4), (0, 2, 5), (0, 3, 5), (0, 4, 6), (0, 5, 6), (1, 2, 4), (1, 2, 5), (1, 2, 6), (1, 3, 4), (2, 3, 5), (2, 3, 6), (3, 4, 5), (3, 4, 6)]



────────────────────────────────────────────────────────────
n                : 7
Total time       : 28.71s  (34,837 steps/s)
Max score        : 243
Max avg cycle    : 13.150000
Best bases found : 3
────────────────────────────────────────────────────────────
  Basis (faces): [(0, 1, 4), (0, 1, 6), (0, 2, 3), (0, 2, 5), (0, 3, 4), (0, 4, 5), (0, 5, 6), (1, 2, 4), (1, 2, 5), (1, 2, 6), (1, 3, 4), (1, 3, 5), (2, 3, 6), (3, 4, 6), (3, 5, 6)]
  Basis (faces): [(0, 1, 2), (0, 1, 6), (0, 2, 3), (0, 3, 4), (0, 3, 5), (0, 5, 6), (1, 2, 4), (1, 2, 5), (1, 3, 4), (1, 3, 5), (1, 4, 6), (2, 3, 6), (2, 5, 6), (3, 4, 6), (4, 5, 6)]
  Basis (faces): [(0, 1, 2), (0, 1, 3), (0, 1, 6), (0, 2, 4), (0, 2, 5), (0, 3, 5), (0, 4, 6), (1, 3, 4), (1, 3, 6), (1, 5, 6), (2, 3, 4), (2, 3, 6), (2, 5, 6), (3, 4, 5), (4, 5, 6)]

  
138 unique average cycle sizes found during search.

good results (stochastic):

best: 1 bases, avg cycle size 13.1500
Base: [(0, 1, 2), (3, 5, 6), (0, 2, 5), (1, 3, 4), (4, 5, 6), (1, 3, 6), (0, 1, 4), (0, 3, 5), (0, 2, 6), (2, 3, 6), (2, 4, 5), (0, 1, 3), (2, 3, 4), (0, 4, 6), (1, 4, 5)]


best: 4 bases, avg cycle size 13.1500
Base: [(0, 1, 2), (2, 3, 4), (2, 5, 6), (0, 3, 4), (1, 3, 4), (0, 2, 4), (0, 1, 6), (2, 3, 6), (0, 4, 6), (1, 3, 6), (0, 5, 6), (1, 3, 5), (2, 4, 5), (1, 2, 5), (0, 3, 5)]
Base: [(0, 1, 2), (3, 4, 5), (0, 2, 5), (0, 2, 4), (2, 3, 4), (0, 3, 5), (0, 1, 3), (1, 2, 6), (1, 3, 6), (1, 2, 4), (1, 5, 6), (0, 5, 6), (1, 4, 5), (3, 4, 6), (0, 4, 6)]
Base: [(0, 1, 2), (2, 5, 6), (2, 4, 5), (0, 4, 6), (1, 5, 6), (0, 3, 6), (0, 1, 5), (1, 3, 6), (2, 3, 6), (1, 2, 4), (0, 2, 3), (0, 4, 5), (0, 3, 5), (1, 4, 6), (2, 3, 4)]
Base: [(0, 1, 2), (2, 4, 5), (1, 3, 4), (1, 3, 5), (2, 3, 4), (0, 3, 4), (2, 5, 6), (1, 2, 4), (0, 3, 6), (0, 1, 6), (1, 5, 6), (0, 3, 5), (1, 4, 6), (2, 3, 6), (0, 2, 5)]

best: 6 bases, avg cycle size 13.1500
Base: [(0, 1, 2), (2, 5, 6), (0, 4, 5), (1, 3, 5), (2, 3, 5), (1, 2, 6), (0, 5, 6), (0, 2, 3), (0, 3, 4), (2, 4, 5), (1, 4, 5), (1, 3, 6), (0, 3, 6), (1, 4, 6), (0, 1, 4)]
Base: [(0, 1, 2), (0, 2, 5), (2, 3, 5), (0, 5, 6), (1, 5, 6), (3, 4, 6), (0, 3, 6), (1, 4, 5), (3, 4, 5), (1, 3, 6), (0, 4, 5), (1, 2, 4), (1, 2, 3), (2, 4, 6), (0, 2, 6)]
Base: [(0, 1, 2), (0, 2, 6), (0, 5, 6), (0, 3, 5), (4, 5, 6), (0, 1, 4), (1, 3, 5), (0, 2, 3), (1, 5, 6), (2, 4, 5), (1, 3, 4), (2, 3, 4), (3, 4, 6), (1, 2, 5), (0, 4, 6)]
Base: [(0, 1, 2), (2, 4, 6), (0, 3, 6), (2, 3, 6), (1, 3, 6), (0, 5, 6), (1, 3, 5), (1, 2, 5), (0, 4, 5), (0, 3, 4), (0, 2, 4), (0, 1, 3), (1, 4, 6), (1, 4, 5), (2, 5, 6)]
Base: [(0, 1, 2), (0, 3, 5), (1, 3, 4), (1, 4, 5), (1, 4, 6), (0, 5, 6), (2, 4, 5), (1, 2, 6), (0, 2, 3), (2, 5, 6), (2, 3, 4), (2, 3, 6), (0, 1, 5), (0, 4, 6), (0, 3, 4)]
Base: [(0, 1, 2), (0, 5, 6), (0, 3, 5), (1, 4, 6), (1, 5, 6), (0, 4, 6), (1, 3, 6), (0, 2, 5), (2, 3, 4), (0, 1, 3), (0, 3, 4), (2, 3, 6), (1, 2, 4), (2, 5, 6), (2, 4, 5)]


best: 4 bases, avg cycle size 13.1500
Base: [(0, 1, 2), (1, 3, 6), (4, 5, 6), (1, 4, 5), (0, 5, 6), (3, 4, 6), (2, 4, 6), (0, 1, 4), (1, 2, 6), (0, 3, 5), (1, 3, 5), (0, 2, 6), (0, 2, 3), (1, 2, 5), (0, 3, 4)]
Base: [(0, 1, 2), (2, 3, 4), (0, 1, 3), (3, 5, 6), (0, 1, 4), (0, 2, 6), (0, 4, 6), (3, 4, 6), (1, 2, 3), (0, 3, 5), (0, 4, 5), (1, 2, 5), (2, 4, 5), (2, 5, 6), (1, 3, 6)]
Base: [(0, 1, 2), (4, 5, 6), (1, 2, 5), (1, 4, 6), (0, 1, 3), (2, 5, 6), (0, 4, 5), (0, 2, 4), (0, 2, 6), (2, 3, 6), (1, 3, 5), (1, 3, 6), (2, 3, 4), (3, 4, 5), (0, 1, 4)]
Base: [(0, 1, 2), (0, 1, 3), (2, 4, 5), (0, 2, 4), (2, 3, 6), (3, 5, 6), (3, 4, 5), (1, 5, 6), (1, 4, 6), (0, 1, 6), (0, 3, 5), (2, 4, 6), (1, 2, 5), (1, 3, 4), (0, 2, 3)]


138 unique average cycle sizes found during search.
best: 7 bases, avg cycle size 13.1500
Base: [(0, 1, 2), (2, 3, 6), (1, 3, 5), (1, 2, 3), (0, 1, 5), (0, 2, 4), (0, 4, 6), (2, 3, 4), (2, 4, 5), (0, 5, 6), (2, 5, 6), (1, 3, 6), (1, 4, 5), (1, 4, 6), (0, 3, 6)]
Base: [(0, 1, 2), (3, 4, 5), (0, 3, 6), (1, 2, 4), (2, 4, 6), (0, 2, 3), (3, 5, 6), (2, 5, 6), (0, 4, 5), (2, 3, 4), (0, 1, 5), (1, 3, 5), (1, 2, 5), (0, 1, 6), (0, 4, 6)]
Base: [(0, 1, 2), (1, 2, 4), (0, 3, 6), (1, 2, 3), (2, 3, 6), (0, 4, 5), (3, 4, 6), (4, 5, 6), (0, 3, 5), (0, 1, 6), (1, 4, 6), (1, 4, 5), (1, 3, 5), (2, 5, 6), (0, 2, 5)]
Base: [(0, 1, 2), (2, 3, 6), (1, 4, 5), (2, 4, 5), (1, 2, 4), (0, 3, 5), (1, 5, 6), (1, 3, 6), (1, 3, 4), (2, 3, 5), (0, 5, 6), (0, 1, 3), (0, 4, 5), (0, 2, 6), (2, 4, 6)]
Base: [(0, 1, 2), (0, 3, 5), (0, 1, 3), (3, 4, 6), (0, 1, 6), (1, 2, 5), (3, 4, 5), (1, 4, 5), (0, 5, 6), (0, 2, 4), (0, 3, 4), (2, 5, 6), (2, 3, 5), (2, 4, 6), (1, 4, 6)]
Base: [(0, 1, 2), (0, 1, 5), (0, 2, 6), (1, 4, 5), (0, 5, 6), (4, 5, 6), (0, 3, 4), (0, 2, 4), (2, 3, 5), (0, 1, 3), (1, 3, 5), (2, 4, 5), (2, 3, 6), (1, 3, 6), (3, 4, 6)]
Base: [(0, 1, 2), (1, 3, 4), (2, 3, 6), (0, 5, 6), (3, 5, 6), (0, 2, 3), (0, 2, 5), (4, 5, 6), (0, 1, 4), (0, 1, 5), (1, 4, 6), (2, 3, 4), (1, 3, 5), (1, 2, 6), (2, 4, 5)]


n = 8



stochastic results:


full WALK SUMMARY
────────────────────────────────────────────────────────────
n                : 8
reapets          : 30
Total time       : 1327.24s
Max score        : 683
Max avg cycle    : 20.514286
Best bases found : {( 1, 2, 8, 10, 12, 14, 16, 20, 22, 23, 28, 32, 34, 35, 38, 39, 41, 46, 48, 52, 55)}
────────────────────────────────────────────────────────────


full WALK SUMMARY
────────────────────────────────────────────────────────────
n                : 8
reapets          : 100
Total time       : 5227.44s
Max score        : 683
Max avg cycle    : 20.514286
Best bases found : {(1, 4, 7, 10, 12, 15, 18, 20, 22, 23, 29, 31, 34, 38, 39, 43, 44, 46, 47, 53, 54)}
base: [(0, 1, 3), (0, 1, 6), (0, 2, 4), (0, 2, 7), (0, 3, 5), (0, 4, 5), (0, 5, 6), (0, 6, 7), (1, 2, 4), (1, 2, 5), (1, 3, 7), (1, 4, 6), (1, 5, 7), (2, 3, 6), (2, 3, 7), (2, 5, 6), (2, 5, 7), (3, 4, 5), (3, 4, 6), (4, 5, 7), (4, 6, 7)]

ull WALK SUMMARY
────────────────────────────────────────────────────────────
n                : 8
reapets          : 20
Total time       : 692.20s
Max score        : 683
Max avg cycle    : 20.514286
Best bases found : {(1, 5, 6, 8, 15, 16, 17, 18, 22, 23, 26, 28, 33, 35, 38, 41, 42, 44, 46, 50, 51)}
think I saw 19



Max avg cycle   : 19.942857
Best bases found: 1
───────────────────────────────────────────────────────
  Basis (faces): [(0, 1, 2), (0, 1, 6), (0, 2, 3), (0, 2, 4), (0, 2, 7), (0, 3, 7), (0, 4, 5), (0, 5, 6), (1, 2, 5), (1, 3, 5), (1, 3, 7), (1, 4, 5), (1, 4, 6), (1, 6, 7), (2, 3, 6), (2, 4, 6), (2, 5, 7), (3, 4, 7), (3, 5, 6), (4, 5, 7), (5, 6, 7)]

WALK SUMMARY
────────────────────────────────────────────────────────────
Total time       : 1010.52s  (29,688 steps/s)
Max score        : 663
Max avg cycle    : 19.942857
Best bases found : 1
────────────────────────────────────────────────────────────
  Basis (faces): [(0, 1, 2), (0, 1, 6), (0, 2, 3), (0, 2, 4), (0, 2, 7), (0, 3, 7), (0, 4, 5), (0, 5, 6), (1, 2, 5), (1, 3, 5), (1, 3, 7), (1, 4, 5), (1, 4, 6), (1, 6, 7), (2, 3, 6), (2, 4, 6), (2, 5, 7), (3, 4, 7), (3, 5, 6), (4, 5, 7), (5, 6, 7)]

full WALK SUMMARY
────────────────────────────────────────────────────────────
n                : 8
reapets          : 100
Total time       : 2239.60s
Max score        : 663
Max avg cycle    : 19.942857
Best bases found : {(4, 6, 8, 13, 16, 17, 19, 21, 23, 29, 30, 32, 35, 36, 38, 42, 45, 46, 50, 52, 55)}

387 unique average cycle sizes found during search.
best: 1 bases, avg cycle size 19.7143
Base: [(0, 1, 2), (2, 4, 6), (1, 5, 6), (1, 2, 5), (0, 1, 6), (0, 6, 7), (2, 5, 7), (3, 4, 6), (2, 3, 5), (1, 3, 7), (3, 6, 7), (1, 3, 5), (4, 5, 6), (0, 2, 3), (4, 5, 7), (0, 3, 4), (0, 4, 7), (1, 4, 7), (0, 4, 5), (2, 6, 7), (1, 2, 4)]

358 unique scores found
best: 1 bases, avg cycle size 19.4857
Base: [(0, 1, 2), (0, 1, 4), (0, 2, 5), (0, 2, 6), (0, 3, 5), (0, 3, 7), (0, 4, 7), (0, 6, 7), (1, 2, 5), (1, 2, 6), (1, 3, 6), (1, 3, 7), (1, 4, 5), (1, 5, 7), (2, 3, 4), (2, 3, 5), (2, 4, 7), (2, 5, 7), (3, 4, 6), (4, 5, 6), (5, 6, 7)]

357 unique average cycle sizes found during search.
best: 1 bases, avg cycle size 19.2286
Base: [(0, 1, 2), (0, 3, 4), (2, 4, 7), (1, 6, 7), (2, 3, 5), (1, 4, 5), (5, 6, 7), (0, 4, 5), (0, 6, 7), (0, 2, 5), (1, 3, 5), (0, 1, 3), (0, 5, 6), (0, 2, 7), (1, 5, 7), (1, 2, 4), (4, 6, 7), (3, 6, 7), (2, 3, 6), (1, 2, 6), (3, 4, 6)]

full WALK SUMMARY
────────────────────────────────────────────────────────────
n                : 8
reapets          : 20
Total time       : 557.23s
Max score        : 640
Max avg cycle    : 19.285714
Best bases found : {(4, 5, 7, 9, 12, 13, 15, 19, 21, 24, 26, 27, 32, 33, 39, 42, 44, 47, 51, 52, 55)}
────────────────────────────────────────────────────────────

368 unique scores found
best: 1 bases, avg cycle size 19.1714
Base: [(0, 1, 2), (0, 1, 7), (0, 2, 3), (0, 3, 4), (0, 4, 5), (0, 5, 6), (0, 6, 7), (1, 2, 7), (1, 3, 5), (1, 3, 7), (1, 4, 6), (1, 4, 7), (1, 5, 6), (2, 3, 6), (2, 4, 5), (2, 4, 7), (2, 5, 6), (3, 4, 5), (3, 4, 6), (3, 5, 7), (3, 6, 7)]

366 unique average cycle sizes found during search.
best: 1 bases, avg cycle size 19.1714
Base: [(0, 1, 2), (0, 4, 5), (2, 3, 6), (1, 4, 5), (0, 5, 7), (2, 5, 7), (1, 5, 6), (4, 6, 7), (1, 3, 4), (3, 4, 5), (2, 3, 7), (0, 2, 6), (2, 4, 7), (0, 6, 7), (0, 1, 7), (1, 3, 7), (1, 4, 6), (2, 5, 6), (0, 3, 6), (1, 2, 4), (0, 3, 5)]

full WALK SUMMARY
────────────────────────────────────────────────────────────
n                : 8
reapets          : 10
Total time       : 145.00s
Max score        : 630
Max avg cycle    : 19.000000
Best bases found : {(2, 4, 6, 7, 13, 15, 19, 20, 21, 23, 29, 30, 32, 39, 41, 43, 45, 47, 48, 49, 50)}
────────────────────────────────────────────────────────────
PS C:\Users\TLP-001\PycharmProjects\trees_research_project> 

360 unique scores found
best: 1 bases, avg cycle size 18.8857
Base: [(0, 1, 2), (0, 1, 4), (0, 1, 6), (0, 2, 5), (0, 2, 7), (0, 3, 5), (0, 3, 7), (0, 4, 7), (1, 2, 3), (1, 3, 7), (1, 4, 5), (1, 5, 6), (1, 6, 7), (2, 3, 6), (2, 4, 5), (2, 4, 6), (2, 6, 7), (3, 4, 6), (3, 4, 7), (3, 5, 6), (5, 6, 7)]


354 unique average cycle sizes found during search.
best: 1 bases, avg cycle size 18.7143
Base: [(0, 1, 2), (0, 5, 7), (1, 2, 7), (1, 5, 7), (1, 3, 5), (2, 4, 7), (0, 5, 6), (0, 3, 7), (0, 1, 6), (2, 5, 6), (0, 1, 4), (0, 2, 6), (1, 4, 5), (3, 5, 6), (2, 3, 7), (1, 3, 4), (4, 6, 7), (0, 3, 4), (3, 6, 7), (2, 4, 5), (1, 4, 6)]


360 unique average cycle sizes found during search.
best: 1 bases, avg cycle size 18.6571
Base: [(0, 1, 2), (1, 2, 6), (0, 4, 6), (0, 3, 7), (0, 1, 3), (3, 6, 7), (0, 4, 5), (3, 4, 5), (1, 3, 4), (2, 3, 5), (3, 4, 6), (2, 4, 6), (4, 5, 7), (1, 5, 6), (0, 2, 5), (0, 5, 7), (1, 4, 5), (2, 4, 7), (5, 6, 7), (2, 3, 7), (1, 2, 7)]

357 unique average cycle sizes found during search.
best: 1 bases, avg cycle size 18.4571
Base: [(0, 1, 2), (1, 4, 7), (0, 3, 6), (4, 5, 6), (1, 5, 7), (1, 3, 4), (0, 3, 5), (1, 2, 6), (0, 5, 6), (3, 6, 7), (2, 3, 7), (1, 6, 7), (0, 1, 3), (1, 2, 3), (2, 5, 6), (0, 4, 7), (2, 4, 5), (2, 5, 7), (0, 5, 7), (0, 2, 4), (3, 4, 6)]


364 unique average cycle sizes found during search.
best: 1 bases, avg cycle size 18.2571
Base: [(0, 1, 2), (0, 2, 3), (4, 5, 7), (3, 6, 7), (3, 4, 6), (0, 1, 5), (0, 4, 7), (2, 3, 4), (0, 1, 7), (1, 3, 5), (1, 5, 6), (2, 6, 7), (1, 3, 7), (2, 5, 6), (2, 3, 5), (4, 5, 6), (0, 4, 6), (1, 2, 4), (1, 4, 6), (2, 4, 7), (0, 2, 6)]

355 unique average cycle sizes found during search.
best: 1 bases, avg cycle size 17.7143
Base: [(0, 1, 2), (1, 4, 5), (0, 5, 6), (3, 5, 7), (2, 5, 7), (0, 6, 7), (1, 2, 7), (0, 2, 4), (1, 3, 6), (1, 4, 6), (0, 1, 5), (2, 4, 5), (1, 3, 5), (4, 6, 7), (1, 4, 7), (5, 6, 7), (0, 3, 4), (0, 3, 6), (0, 2, 3), (2, 3, 6), (3, 4, 7)]

294 unique average cycle sizes found during search.
best: 1 bases, avg cycle size 15.2571
Base: [(0, 1, 2), (3, 5, 7), (5, 6, 7), (2, 5, 6), (2, 4, 7), (0, 1, 6), (2, 3, 4), (1, 4, 5), (0, 2, 3), (1, 5, 6), (3, 6, 7), (0, 3, 7), (2, 3, 5), (1, 3, 7), (0, 4, 5), (1, 3, 6), (0, 5, 7), (2, 4, 6), (1, 2, 7), (4, 5, 7), (0, 4, 6)]

301 unique average cycle sizes found during search.
best: 1 bases, avg cycle size 14.9714
Base: [(0, 1, 2), (1, 6, 7), (2, 3, 4), (1, 3, 5), (0, 4, 6), (0, 5, 7), (1, 4, 5), (0, 3, 7), (2, 4, 5), (0, 5, 6), (2, 3, 5), (4, 5, 7), (3, 4, 6), (3, 6, 7), (0, 1, 4), (1, 2, 7), (2, 5, 6), (0, 2, 3), (1, 5, 6), (4, 6, 7), (2, 4, 7)]


n = 9


stochastic results:


WALK SUMMARY
────────────────────────────────────────────────────────────
n                : 9
Total time       : 2593.83s  (38,553 steps/s)
Max score        : 1407
Max avg cycle    : 26.125000
Best bases found : 1
────────────────────────────────────────────────────────────
  Basis (faces): [(0, 1, 2), (0, 1, 6), (0, 1, 8), (0, 2, 4), (0, 3, 5), (0, 3, 7), (0, 3, 8), (0, 4, 5), (0, 6, 7), (1, 2, 3), (1, 2, 8), (1, 3, 5), (1, 3, 6), (1, 4, 6), (1, 4, 7), (1, 5, 6), (1, 5, 7), (1, 7, 8), (2, 3, 7), (2, 4, 6), (2, 5, 6), (2, 5, 7), (2, 5, 8), (2, 6, 8), (3, 4, 7), (3, 4, 8), (4, 5, 8), (6, 7, 8)]



n                : 9
Total time       : 393.32s  (25,425 steps/s)
Max score        : 1324
Max avg cycle    : 24.642857
Best bases found : 1
────────────────────────────────────────────────────────────
  Basis (faces): [(0, 1, 3), (0, 1, 6), (0, 1, 7), (0, 1, 8), (0, 2, 4), (0, 2, 6), (0, 3, 4), (0, 4, 7), (0, 5, 7), (0, 5, 8), (1, 2, 5), (1, 2, 7), (1, 3, 5), (1, 4, 8), (1, 6, 8), (2, 3, 5), (2, 3, 6), (2, 4, 6), (2, 5, 8), (2, 6, 7), (2, 7, 8), (3, 4, 5), (3, 4, 8), (3, 5, 7), (3, 6, 8), (3, 7, 8), (4, 5, 6), (5, 6, 7)]


n                : 9
Total time       : 4760.51s  (21,006 steps/s)
Max score        : 1351
Max avg cycle    : 25.125000
Best bases found : 1
────────────────────────────────────────────────────────────
  Basis (faces): [(0, 1, 5), (0, 1, 6), (0, 1, 7), (0, 2, 3), (0, 2, 5), (0, 2, 8), (0, 3, 7), (0, 4, 5), (0, 4, 8), (1, 2, 4), (1, 2, 5), (1, 3, 4), (1, 3, 5), (1, 4, 6), (1, 6, 8), (1, 7, 8), (2, 3, 6), (2, 4, 7), (2, 6, 8), (2, 7, 8), (3, 4, 6), (3, 4, 8), (3, 5, 7), (3, 5, 8), (4, 5, 6), (4, 5, 7), (5, 6, 8), (6, 7, 8)]

full WALK SUMMARY
────────────────────────────────────────────────────────────
n                : 9
reapets          : 10
Total time       : 142.49s
Max score        : 1292
Max avg cycle    : 24.071429
Best bases found : {(2, 3, 10, 11, 13, 16, 24, 26, 28, 30, 37, 40, 42, 48, 51, 53, 54, 55, 60, 63, 64, 66, 68, 76, 77, 80, 82, 83)}
────────────────────────────────────────────────────────────


718 unique average cycle sizes found during search
best: 1 bases, avg cycle size 21.2500
Base: [(0, 1, 2), (3, 6, 7), (0, 4, 5), (0, 1, 5), (0, 5, 8), (2, 5, 7), (3, 5, 8), (3, 4, 8), (2, 3, 4), (0, 7, 8), (1, 4, 5), (4, 6, 7), (4, 5, 7), (2, 5, 6), (0, 4, 8), (3, 6, 8), (1, 7, 8), (0, 2, 6), (0, 6, 7), (1, 3, 4), (0, 1, 3), (2, 6, 8), (2, 7, 8), (1, 6, 7), (2, 4, 6), (2, 3, 7), (1, 2, 7), (1, 5, 6)]



n = 10


n                : 10
Total time       : 368.82s  (27,114 steps/s)
Max score        : 2603
Max avg cycle    : 31.988095
Best bases found : 1
────────────────────────────────────────────────────────────
  Basis (faces): [(0, 1, 2), (0, 1, 4), (0, 1, 7), (0, 2, 3), (0, 2, 6), (0, 3, 4), (0, 3, 9), (0, 5, 6), (0, 5, 8), (0, 7, 8), (0, 8, 9), (1, 2, 8), (1, 3, 5), (1, 3, 6), (1, 3, 8), (1, 4, 6), (1, 4, 9), (1, 5, 7), (1, 7, 9), (2, 3, 5), (2, 3, 6), (2, 3, 7), (2, 4, 5), (2, 4, 9), (2, 7, 8), (2, 8, 9), (3, 4, 7), (3, 4, 8), (3, 5, 9), (3, 7, 9), (4, 5, 7), (4, 5, 8), (4, 6, 8), (5, 6, 9), (6, 7, 8), (6, 7, 9)]



